8 0.09597883597883598 0.10831460674157305 0.12396825396825396 0.18434456928838952
8 0.27391534391534395 0.10812734082397006 0.10666666666666665 0.18786516853932583
8 0.46687830687830684 0.1053558052434457 0.1083068783068783 0.1744569288389513
8 0.6746031746031746 0.10419475655430711 0.1561904761904761 0.19576779026217228
8 0.8748148148148148 0.11917602996254682 0.11661375661375672 0.17842696629213484
8 0.7756613756613756 0.4378277153558053 0.2748148148148148 0.31112359550561797
8 0.45015873015873015 0.4358426966292135 0.21465608465608463 0.2992883895131085
8 0.14693121693121694 0.42719101123595504 0.23634920634920636 0.2977153558052435
8 0.15248677248677248 0.8059550561797753 0.22523809523809527 0.262808988764045
8 0.4426455026455026 0.7886142322097378 0.21026455026455032 0.29119850187265917
8 0.8185185185185184 0.8004494382022472 0.23804232804232808 0.29910112359550567