7 0.46920122887864824 0.6561029411764706 0.06366359447004616 0.04965830449826987
7 0.3928801843317972 0.6280839100346022 0.06564900153609823 0.03848183391003451
7 0.7410829493087557 0.7039035467128028 0.07083717357910908 0.04166089965397931
7 0.9243356374807987 0.5909688581314878 0.06406298003072186 0.05217344290657439
7 0.9401036866359448 0.40551038062283734 0.11979262672811045 0.07085207612456745
7 0.2920852534562212 0.3276621972318339 0.06498847926267282 0.06181012110726643
7 0.5675307219662058 0.07459775086505191 0.03253456221198149 0.09225346020761246
7 0.8296927803379416 0.3218252595155709 0.05776881720430119 0.04283953287197235
7 0.777357910906298 0.2991089965397924 0.04060291858678956 0.050333044982698916
7 0.7174078341013825 0.17559256055363323 0.030890937019969297 0.03325908304498269
7 0.9435983102918587 0.12478157439446368 0.04251920122887875 0.028365051903114204