7 0.44933179723502303 0.5465787197231834 0.0463901689708142 0.03789359861591701
7 0.47832949308755757 0.5849178200692041 0.033840245775729604 0.017461072664359815
7 0.5679416282642089 0.6455147058823529 0.030168970814132084 0.05037197231833911
7 0.09584869431643625 0.4128676470588235 0.055311059907834116 0.0544485294117647
7 0.1893778801843318 0.2303135813148789 0.03335253456221195 0.03216695501730109
7 0.3393394777265745 0.18829584775086505 0.051098310291858656 0.06436634948096884
7 0.6661635944700461 0.3968966262975779 0.03327188940092161 0.04163062283737024
7 0.7777188940092166 0.42624134948096887 0.0316858678955454 0.03705233564013839
7 0.9449193548387097 0.5150821799307957 0.03165514592933959 0.04405709342560559
7 0.9057219662058372 0.7210834775086505 0.04209293394777253 0.06761678200692038
7 0.5768049155145929 0.7593166089965397 0.03744623655913987 0.05114403114186847
7 0.5602112135176651 0.9289078719723184 0.025157450076804998 0.05509731833910044
7 0.7326382488479263 0.8433780276816609 0.05648233486943162 0.02970371972318347
7 0.3329147465437788 0.7535553633217993 0.04086021505376348 0.02662197231833918