7 0.5761866359447005 0.6413365051903114 0.050226574500768034 0.02655276816608991
7 0.4715552995391705 0.6007828719723184 0.032012288786482386 0.030798010380622805
7 0.46890168970814133 0.38296929065743945 0.04490015360983106 0.05435553633217996
7 0.6122004608294931 0.416905276816609 0.031278801843317904 0.05053416955017303
7 0.16846774193548386 0.18887975778546712 0.05660906298003071 0.06676038062283739
7 0.49392473118279573 0.17129974048442909 0.04035714285714291 0.03343209342560552
7 0.7316167434715822 0.24258866782006921 0.04266897081413215 0.036038062283736995
7 0.5081413210445469 0.28516868512110727 0.0687903225806452 0.025605536332179952
7 0.3523310291858679 0.07130406574394463 0.054358678955453134 0.04340181660899653
7 0.0608026113671275 0.3751492214532872 0.05355222734254992 0.05504974048442911
7 0.2016359447004608 0.48560121107266435 0.04106374807987714 0.02843641868512106
7 0.23158602150537633 0.5859191176470588 0.04941244239631339 0.032768166089965495
7 0.03146697388632872 0.4669269031141869 0.06293394777265744 0.04229887543252598
7 0.6612941628264208 0.5929649653979239 0.050618279569892455 0.048566176470588175
7 0.8851536098310292 0.5392820069204152 0.06165130568356374 0.02996539792387552
7 0.9207910906298002 0.4403568339100346 0.06620583717357897 0.059145761245674694