7 0.37231182795698925 0.08629108996539792 0.05373655913978488 0.05940960207612458
7 0.6061635944700461 0.047783304498269896 0.050349462365591444 0.05394679930795846
7 0.4567549923195085 0.1226946366782007 0.04066436251920118 0.06206314878892734
7 0.7063402457757296 0.10979887543252595 0.05877880184331795 0.04749567474048443
7 0.7569738863287251 0.08365700692041522 0.03541858678955454 0.04011029411764706
7 0.4065898617511521 0.24014273356401386 0.04751152073732711 0.03599697231833906
7 0.35626344086021505 0.24496539792387545 0.023229646697388636 0.024595588235294123
7 0.28849078341013823 0.3738256920415225 0.03414362519201232 0.049411764705882356
7 0.3193394777265745 0.422439446366782 0.03975038402457757 0.03817257785467123
7 0.5718855606758833 0.33726427335640136 0.030672043010752645 0.027770328719723153
7 0.16229646697388633 0.529545847750865 0.03728110599078342 0.06437932525951548
7 0.2970583717357911 0.5008607266435986 0.05439708141321048 0.05330882352941176
7 0.06601766513056835 0.3328265570934256 0.036862519201228884 0.03313797577854671
7 0.5156451612903226 0.21484429065743946 0.02883256528417816 0.01464532871972314
7 0.7403033794162827 0.674385813148789 0.022016129032258035 0.02564230103806222
7 0.9200921658986175 0.6138667820069205 0.05507296466973881 0.05893814878892728
7 0.8615130568356375 0.4529887543252595 0.04758832565284181 0.02620891003460199
7 0.9108986175115208 0.5027249134948096 0.026720430107526855 0.030274653979238706
7 0.9576382488479263 0.5357071799307959 0.03295698924731172 0.027487024221453365
7 0.5561520737327189 0.5042171280276817 0.03507296466973883 0.036064013840830494
7 0.6504070660522274 0.48746323529411767 0.024182027649769507 0.029212802768166075
7 0.4653225806451613 0.6047426470588235 0.045341781874040005 0.04209126297577857