7 0.9251574500768049 0.47587370242214533 0.080172811059908 0.08812499999999995
7 0.7652380952380953 0.5942841695501729 0.042284946236559186 0.08038927335640143
7 0.9608026113671274 0.6291392733564014 0.04776113671274958 0.03694420415224912
7 0.5468241167434716 0.6535878027681661 0.04620967741935481 0.04203719723183393
7 0.641931643625192 0.6448313148788927 0.032261904761904846 0.0318252595155709
7 0.6108218125960061 0.41575908304498266 0.06078341013824892 0.06097750865051904
7 0.4607872503840246 0.3700583910034602 0.05238095238095242 0.05169982698961936
7 0.24528801843317974 0.3594766435986159 0.042695852534562234 0.04513840830449822
7 0.5672427035330261 0.6997599480968858 0.06202764976958525 0.03717344290657446
7 0.791647465437788 0.18335856401384085 0.03353302611367116 0.032363754325259536
7 0.9063632872503841 0.21191176470588236 0.02962365591397862 0.02924307958477509
7 0.24464285714285713 0.12844074394463667 0.028437019969278016 0.021085640138408305
7 0.2872542242703533 0.19996323529411764 0.026163594470046125 0.01812067474048442
7 0.4530069124423964 0.16894247404844293 0.07571428571428566 0.03638624567474048
7 0.6472811059907834 0.1745069204152249 0.03971198156682022 0.03838884083044983
7 0.8467357910906298 0.7122102076124568 0.0918509984639018 0.0388300173010381
7 0.2854761904761905 0.679928633217993 0.04545314900153606 0.036684688581314906
7 0.9662365591397849 0.6857050173010381 0.03721198156682014 0.02932958477508648
7 0.3806029185867896 0.5376384083044983 0.05274193548387093 0.023624567474048397
7 0.33682411674347157 0.7456942041522492 0.04993087557603686 0.034491782006920366