7 0.5146543778801843 0.358719723183391 0.03225422427035322 0.04419117647058827
7 0.6502496159754224 0.3825800173010381 0.03532642089093694 0.03703070934256056
7 0.2505337941628264 0.47521626297577857 0.031382488479262685 0.02024437716262969
7 0.30634792626728113 0.5560834775086505 0.027788018433179684 0.03479887543252592
7 0.5233832565284179 0.5687932525951557 0.034197388632872576 0.026539792387543306
7 0.6246274961597542 0.5964749134948096 0.02839477726574503 0.019539359861591773
7 0.614516129032258 0.6429519896193772 0.0236866359447004 0.026429498269896202
7 0.8285023041474655 0.4752205882352941 0.01956605222734248 0.03895977508650511
7 0.8124347158218126 0.5088278546712803 0.029535330261136656 0.02634731833910033
7 0.8116052227342551 0.5461807958477508 0.025656682027649924 0.0312045847750865
7 0.9427649769585253 0.4019225778546713 0.04867127496159746 0.06074826989619379
7 0.9136789554531489 0.4961180795847751 0.0237365591397851 0.03460640138408314
7 0.23225038402457757 0.17058391003460208 0.04578341013824886 0.05228157439446367
7 0.7645122887864824 0.22857698961937717 0.031190476190476112 0.04238321799307959
7 0.6440168970814132 0.20245025951557094 0.022860983102918665 0.02131271626297577
7 0.24000768049155147 0.7687067474048442 0.04135176651305686 0.04949394463667813
7 0.22435483870967743 0.8739770761245675 0.05880184331797231 0.0355211937716263
7 0.1387288786482335 0.35409385813148786 0.06383640552995393 0.04875865051903115