7 0.29494239631336405 0.5224653979238755 0.05681643625192014 0.058023356401384125
7 0.6636251920122888 0.340867214532872 0.06157450076804921 0.07075259515570931
7 0.7725460829493088 0.5133109861591696 0.028782642089093632 0.027504325259515634
7 0.6773617511520736 0.46494593425605535 0.026390168970814056 0.018985726643598606
7 0.8109792626728111 0.7484299307958477 0.06950076804915498 0.08653330449826992
7 0.7896543778801844 0.8387954152249135 0.058179723502304145 0.03383650519031143
7 0.5556643625192013 0.8986548442906575 0.04808371735791092 0.07076989619377158
7 0.14056451612903226 0.9764208477508651 0.09508832565284178 0.047158304498269785
7 0.5716743471582182 0.4621993944636678 0.027089093701996914 0.021634948096885806
7 0.8414247311827958 0.10982050173010381 0.04311827956989238 0.03678416955017302
7 0.9675499231950845 0.036007785467128024 0.06182795698924731 0.07201557093425605