5 0.5302133333333333 0.16676 0.2710933333333334 0.12372000000000002
5 0.65288 0.27672 0.05418666666666665 0.045899999999999976
5 0.70384 0.34606 0.12832000000000002 0.06432000000000004
5 0.7050133333333333 0.42513999999999996 0.1259466666666667 0.04837999999999999
5 0.436 0.56464 0.1182133333333333 0.035059999999999945
5 0.21706666666666669 0.50954 0.10106666666666668 0.04932000000000005
5 0.09085333333333333 0.40202 0.14493333333333336 0.06538
5 0.06389333333333333 0.33272 0.12775999999999998 0.051200000000000044
5 0.25408000000000003 0.66016 0.12181333333333336 0.03944000000000005
5 0.13024000000000002 0.69904 0.07559999999999999 0.05051999999999998
5 0.11602666666666667 0.77324 0.07088 0.04781999999999994
5 0.28519999999999995 0.8676799999999999 0.344 0.14107999999999993
5 0.6771733333333333 0.71304 0.2094399999999999 0.08296000000000003
5 0.7548 0.53176 0.1394933333333335 0.058180000000000065
5 0.8021866666666666 0.482 0.09207999999999993 0.029779999999999973
5 0.5625066666666667 0.6166200000000001 0.11642666666666658 0.041240000000000006
5 0.8321066666666668 0.77458 0.07490666666666675 0.04159999999999991
5 0.9565866666666667 0.7796799999999999 0.08682666666666652 0.05625999999999999
5 0.6119733333333334 0.88276 0.22130666666666668 0.08461999999999989