5 0.7551599999999999 0.17317333333333332 0.4896600000000001 0.32765333333333335
5 0.48706 0.41333333333333333 0.4568000000000001 0.1457866666666667
5 0.18794 0.38069333333333333 0.14853999999999995 0.09381333333333335
5 0.07328 0.33426666666666666 0.0659 0.0765333333333333
5 0.24176 0.21205333333333332 0.27286 0.23210666666666666
5 0.1696 0.4617866666666666 0.17188 0.07378666666666671
5 0.5485 0.6037066666666666 0.903 0.18432
5 0.43089999999999995 0.7937066666666667 0.45448 0.19568
5 0.81488 0.7374933333333333 0.15575999999999998 0.09034666666666666
5 0.9460599999999999 0.72016 0.09855999999999994 0.04501333333333332
5 0.7988999999999999 0.8774666666666667 0.2628599999999999 0.1890666666666666
5 0.1211 0.8550399999999999 0.15156 0.28992000000000007
5 0.373 0.9493333333333334 0.21 0.10133333333333333