7 0.14521739130434783 0.34321917808219177 0.050115942028985526 0.18000000000000002
7 0.25553623188405794 0.5060958904109589 0.03092753623188402 0.1941095890410959
7 0.02298550724637681 0.9008904109589041 0.035565217391304346 0.1334246575342467
7 0.3148985507246377 0.7840410958904109 0.05771014492753622 0.15945205479452054
7 0.2876231884057971 0.13356164383561644 0.03710144927536235 0.10082191780821917
7 0.516695652173913 0.29554794520547945 0.02347826086956528 0.07520547945205482
7 0.5732463768115942 0.5134246575342465 0.02866666666666663 0.1001369863013699
7 0.5828405797101449 0.04479452054794521 0.02388405797101452 0.07445205479452054
7 0.4508405797101449 0.41 0.01771014492753627 0.09164383561643832
14 0.7718260869565217 0.19376712328767123 0.07600000000000008 0.18815068493150683
14 0.9469275362318841 0.2907534246575343 0.03440579710144929 0.14130136986301367