7 0.5190076335877862 0.50203125 0.06156488549618319 0.08828124999999994
7 0.9361450381679389 0.25052083333333336 0.05286259541984741 0.12421875000000004
7 0.2697709923664122 0.3458333333333334 0.060954198473282435 0.09291666666666669
7 0.11793893129770992 0.20953124999999997 0.07259541984732823 0.10114583333333334
7 0.2382442748091603 0.6308333333333334 0.08416030534351149 0.08776041666666679
7 0.6049618320610687 0.7134375 0.09408396946564877 0.08541666666666654
7 0.7816793893129771 0.5128645833333333 0.04591603053435104 0.09192708333333337
7 0.9364885496183206 0.6421354166666667 0.0867175572519085 0.08322916666666662
7 0.4745419847328245 0.3252083333333333 0.052290076335877816 0.06531249999999995
7 0.46488549618320607 0.45989583333333334 0.039656488549618375 0.06750000000000005
7 0.6950381679389313 0.17130208333333333 0.06519083969465643 0.06541666666666668
7 0.6130916030534351 0.34197916666666667 0.06717557251908406 0.053541666666666675
7 0.6504198473282443 0.4585416666666667 0.04561068702290072 0.07380208333333327
7 0.7308778625954199 0.5599999999999999 0.04393129770992363 0.05927083333333331
7 0.848206106870229 0.71640625 0.05618320610687033 0.06869791666666665