0 0.36221818181818183 0.2251912568306011 0.1501818181818181 0.11765027322404373
0 0.5102181818181818 0.32661202185792354 0.12563636363636368 0.07360655737704917
0 0.6269818181818181 0.29360655737704916 0.0925090909090909 0.045081967213114756
0 0.6288727272727272 0.3814754098360656 0.0908727272727273 0.1063934426229508
0 0.6594545454545454 0.6539890710382514 0.07930909090909091 0.12519125683060123
0 0.8661818181818182 0.8264480874316941 0.08599999999999992 0.19491803278688533
0 0.19378181818181817 0.6424590163934426 0.1678909090909091 0.10617486338797819
0 0.46 0.639016393442623 0.14639999999999997 0.2004918032786885
0 0.15967272727272727 0.37338797814207647 0.10872727272727274 0.12262295081967212
0 0.6212000000000001 0.8636612021857925 0.053745454545454444 0.10306010928961756
0 0.5039272727272728 0.961639344262295 0.09709090909090905 0.07672131147540995
0 0.5715272727272727 0.6458469945355191 0.04269090909090913 0.10153005464480866