0 0.6118478260869565 0.38864963503649635 0.06309782608695644 0.05470802919708032
0 0.3483152173913044 0.4413868613138686 0.04739130434782608 0.046605839416058434
0 0.3241304347826087 0.4060948905109489 0.04739130434782608 0.015875912408759102
0 0.5526630434782609 0.22540145985401458 0.06548913043478267 0.07284671532846713
0 0.5098369565217391 0.29839416058394164 0.10478260869565217 0.05667883211678833
0 0.4732608695652174 0.6308394160583941 0.07516304347826094 0.060510948905109434
0 0.42782608695652175 0.4116788321167883 0.07668478260869573 0.030948905109489014
0 0.452445652173913 0.36959854014598537 0.09451086956521731 0.04186131386861314
0 0.5364130434782609 0.3320802919708029 0.029239130434782584 0.029671532846715313
0 0.5002717391304348 0.3001094890510949 0.061739130434782526 0.04605839416058396
0 0.482445652173913 0.26051094890510945 0.057554347826086975 0.019087591240875876
0 0.46255434782608695 0.2946715328467153 0.03864130434782616 0.04638686131386864
0 0.4209782608695652 0.32733576642335765 0.0420652173913044 0.021569343065693417
0 0.36375 0.37503649635036496 0.024510869565217343 0.04934306569343069
0 0.2865760869565217 0.45354014598540143 0.04054347826086953 0.05423357664233571
0 0.44499999999999995 0.6618248175182482 0.04021739130434786 0.04952554744525545
0 0.6307608695652174 0.45135036496350367 0.03967391304347832 0.0498175182481752
0 0.5353804347826088 0.6678832116788321 0.06907608695652179 0.0391605839416059
0 0.6876630434782609 0.555036496350365 0.06429347826086948 0.04306569343065698
0 0.46304347826086956 0.7423357664233576 0.0711413043478261 0.05043795620437954
0 0.4245652173913044 0.4654014598540146 0.0720652173913043 0.04156934306569349
0 0.5263586956521739 0.43445255474452554 0.03646739130434787 0.04861313868613136
0 0.5082608695652173 0.1475912408759124 0.058641304347826044 0.05817518248175182
0 0.6981521739130435 0.3729197080291971 0.04750000000000005 0.054160583941605854