0 0.5829333333333333 0.24339285714285713 0.1698666666666666 0.07726190476190478
0 0.7670333333333333 0.6401190476190477 0.1625 0.0810714285714286
0 0.4302666666666667 0.48255952380952377 0.17123333333333335 0.07541666666666659
0 0.4497333333333333 0.3795238095238095 0.16096666666666673 0.10607142857142862
0 0.8288 0.4563690476190476 0.0727333333333335 0.27702380952380945
0 0.6430333333333333 0.3477976190476191 0.1473999999999999 0.08130952380952379
0 0.7096 0.506547619047619 0.1528000000000001 0.15755952380952382
0 0.5838333333333333 0.5435714285714285 0.08790000000000002 0.25196428571428564
0 0.5351666666666667 0.5154761904761904 0.13876666666666665 0.18416666666666665
0 0.5249333333333333 0.40255952380952376 0.14833333333333334 0.13369047619047625
0 0.6659333333333334 0.48357142857142854 0.1529999999999999 0.15279761904761896
0 0.6872666666666667 0.5283928571428571 0.1548 0.1552380952380953
0 0.7251666666666667 0.5873214285714285 0.17903333333333327 0.11041666666666673
0 0.5990666666666666 0.7119642857142857 0.13123333333333334 0.11660714285714288
0 0.4628333333333333 0.6177380952380952 0.1074333333333334 0.1989285714285715
0 0.7397 0.23505952380952383 0.1278333333333334 0.1638095238095238