0 0.5752419354838709 0.27541871921182265 0.41431451612903225 0.18748768472906405
0 0.14717741935483872 0.6428571428571429 0.29435483870967744 0.11330049261083744
0 0.19620967741935483 0.5058128078817734 0.2692338709677419 0.15571428571428578
0 0.5844354838709678 0.48458128078817736 0.30044354838709675 0.33078817733990135
0 0.7754032258064517 0.44793103448275867 0.3788709677419354 0.3157142857142857
0 0.5966935483870968 0.5913300492610838 0.15399193548387097 0.2171428571428572
0 0.8485483870967742 0.47541871921182266 0.3029032258064516 0.2755665024630542
0 0.06629032258064517 0.4991133004926108 0.13258064516129034 0.1659605911330049
0 0.22153225806451612 0.4342857142857143 0.15858870967741928 0.087487684729064
0 0.37733870967741934 0.6135960591133005 0.17983870967741933 0.2238423645320197
0 0.40991935483870967 0.4021182266009852 0.10951612903225805 0.16995073891625614
0 0.05419354838709677 0.7314778325123154 0.10838709677419354 0.07477832512315274
0 0.1859274193548387 0.7088177339901477 0.1029838709677419 0.09251231527093583