0 0.26821818181818186 0.4665027322404372 0.05396363636363637 0.13076502732240441
0 0.4699636363636364 0.7657377049180327 0.06530909090909083 0.12202185792349718
0 0.44021818181818184 0.3268306010928962 0.12214545454545467 0.06994535519125689
0 0.6286181818181819 0.5212021857923497 0.03109090909090913 0.37775956284153
0 0.5530545454545455 0.5325136612021858 0.03352727272727283 0.20612021857923496
0 0.5146909090909091 0.46524590163934426 0.01898181818181828 0.18748633879781423
0 0.44439999999999996 0.5748087431693989 0.07876363636363636 0.04377049180327864
0 0.4313090909090909 0.4826775956284153 0.12403636363636358 0.04978142076502724
0 0.49785454545454544 0.6655191256830602 0.12538181818181826 0.04704918032786877
11 0.5570181818181819 0.7698907103825136 0.07774545454545453 0.141256830601093
11 0.3462545454545454 0.559672131147541 0.07803636363636367 0.11710382513661206
11 0.31032727272727273 0.4476502732240437 0.056072727272727226 0.06185792349726772
11 0.3792 0.4140983606557377 0.10567272727272728 0.080983606557377
11 0.4447272727272727 0.40639344262295085 0.12690909090909094 0.08437158469945354
11 0.5298181818181817 0.48442622950819675 0.0283272727272728 0.21049180327868858
11 0.4592 0.6342622950819672 0.1416363636363636 0.04120218579234968
11 0.47280000000000005 0.5556830601092896 0.09647272727272738 0.05295081967213113
11 0.44123636363636365 0.5068852459016394 0.10570909090909088 0.05961748633879779