0 0.6211940298507462 0.13186170212765957 0.09656716417910446 0.16063829787234044
0 0.37350746268656715 0.12122340425531915 0.09455223880597016 0.15574468085106383
0 0.30361940298507467 0.31031914893617024 0.10723880597014929 0.10835106382978726
0 0.4715298507462687 0.4812234042553191 0.046940298507462626 0.07441489361702132
0 0.5863059701492537 0.5002127659574468 0.04690298507462684 0.07898936170212763
0 0.7391417910447762 0.6755851063829788 0.08563432835820892 0.08191489361702131
0 0.5442537313432836 0.27382978723404255 0.054664179104477524 0.12005319148936174
0 0.8154850746268657 0.7447340425531914 0.06305970149253723 0.0825531914893616
0 0.8691417910447762 0.836436170212766 0.06477611940298512 0.06281914893617023
0 0.6508955223880597 0.609468085106383 0.0755970149253731 0.06021276595744677
0 0.5409701492537313 0.526595744680851 0.04518656716417915 0.062234042553191427
0 0.44108208955223877 0.42510638297872344 0.052089552238806 0.039255319148936145
0 0.4281716417910448 0.4956914893617021 0.043507462686567154 0.045425531914893576
0 0.33059701492537313 0.15436170212765957 0.055000000000000035 0.1299468085106383