0 0.4907335907335907 0.39453608247422683 0.10467181467181473 0.24108247422680418
0 0.2893822393822394 0.2804123711340206 0.10791505791505787 0.32417525773195877
0 0.18424710424710425 0.3217525773195876 0.06872586872586872 0.26603092783505145
0 0.3982239382239382 0.6277319587628866 0.09490347490347495 0.20628865979381433
0 0.590965250965251 0.6701546391752576 0.07050193050193047 0.19762886597938162
0 0.6393436293436293 0.4914948453608247 0.06637065637065637 0.1455670103092784
0 0.4772200772200772 0.898041237113402 0.10351351351351352 0.14180412371134016
0 0.13598455598455597 0.8934536082474227 0.13474903474903477 0.1128865979381442
0 0.06250965250965251 0.7302061855670103 0.12501930501930503 0.18587628865979383
0 0.5583011583011582 0.3038144329896907 0.06907335907335901 0.2535567010309278
0 0.7032046332046332 0.4926288659793814 0.05243243243243237 0.16144329896907214
0 0.5955598455598455 0.5277835051546392 0.05594594594594598 0.1269587628865979
0 0.672046332046332 0.6524742268041237 0.09698841698841701 0.07170103092783503
0 0.4767567567567568 0.7754639175257731 0.11536679536679535 0.06319587628865975
0 0.7572586872586873 0.11226804123711341 0.07501930501930505 0.2005154639175258
0 0.86 0.37721649484536085 0.0596138996138996 0.14644329896907216
0 0.8451737451737452 0.7145876288659794 0.06513513513513515 0.19128865979381451
0 0.762007722007722 0.44840206185567005 0.08926640926640929 0.11108247422680419