0 0.34 0.20989690721649484 0.07351351351351348 0.15335051546391754
0 0.3786100386100386 0.48829896907216497 0.05092664092664092 0.1455670103092784
0 0.43011583011583016 0.4222680412371134 0.03104247104247101 0.16969072164948448
0 0.8585328185328186 0.31082474226804124 0.06513513513513515 0.14505154639175266
0 0.7964478764478764 0.40701030927835047 0.03011583011583016 0.12726804123711338
0 0.26131274131274135 0.760618556701031 0.0764864864864865 0.15644329896907228
0 0.5043629343629343 0.18309278350515465 0.07262548262548263 0.09582474226804126
0 0.6233204633204633 0.6663917525773196 0.08181467181467181 0.15438144329896902
0 0.35054054054054057 0.7576288659793814 0.0619305019305019 0.20994845360824752
0 0.17382239382239384 0.9234020618556701 0.13027027027027024 0.11329896907216504
0 0.8493050193050193 0.12721649484536082 0.028918918918918953 0.16639175257731958
0 0.4815057915057915 0.4760309278350515 0.05656370656370659 0.1701546391752577