0 0.0616988416988417 0.09108247422680413 0.12335907335907334 0.1496907216494845
0 0.2193050193050193 0.10298969072164949 0.17679536679536675 0.09417525773195878
0 0.9051737451737452 0.5474226804123711 0.08513513513513518 0.34469072164948455
0 0.49903474903474904 0.9135567010309278 0.151891891891892 0.17288659793814443
0 0.6791505791505792 0.2252061855670103 0.1815830115830117 0.3385567010309279
0 0.4543629343629344 0.24443298969072166 0.21455598455598454 0.3730927835051546
0 0.7003861003861004 0.6325257731958762 0.2600386100386099 0.22536082474226804
0 0.17042471042471044 0.26103092783505155 0.2834362934362934 0.10494845360824742
0 0.4142471042471042 0.6186597938144329 0.19378378378378378 0.33242268041237105
0 0.2083011583011583 0.9086082474226804 0.38293436293436295 0.18278350515463906
11 0.2146718146718147 0.4551546391752577 0.16444015444015445 0.20072164948453608
11 0.15096525096525096 0.7016494845360824 0.17065637065637065 0.19541237113402046
11 0.21733590733590732 0.8775773195876289 0.1638223938223938 0.10922680412371133
11 0.13227799227799228 0.8392783505154638 0.06791505791505793 0.19773195876288666
11 0.046602316602316604 0.772319587628866 0.06586872586872587 0.26309278350515475
11 0.3071814671814672 0.9559278350515463 0.18610038610038607 0.07551546391752566
11 0.26845559845559847 0.8994329896907217 0.22104247104247104 0.1485567010309278
11 0.6138996138996139 0.9355670103092784 0.23166023166023167 0.12886597938144329
11 0.8374131274131273 0.7855670103092783 0.2872586872586872 0.11881443298969079
11 0.685984555984556 0.8258247422680413 0.2056756756756756 0.11365979381443304
11 0.5283011583011583 0.8022680412371134 0.11123552123552125 0.13659793814432988
11 0.40428571428571425 0.24103092783505156 0.07737451737451734 0.3068556701030928
11 0.4279150579150579 0.24355670103092783 0.0981467181467181 0.2789690721649485
11 0.5118146718146718 0.1961340206185567 0.18277992277992292 0.18737113402061853
11 0.40486486486486484 0.05298969072164948 0.2686486486486487 0.07350515463917527
11 0.7981081081081082 0.05597938144329897 0.20420849420849416 0.07520618556701032
11 0.6791505791505792 0.16778350515463916 0.17776061776061783 0.24809278350515462
11 0.8353667953667954 0.247319587628866 0.11482625482625486 0.21989690721649482
11 0.9089961389961391 0.21798969072164948 0.08633204633204639 0.15164948453608249
11 0.9145173745173746 0.176340206185567 0.10208494208494208 0.14773195876288658
11 0.9556370656370656 0.5388144329896907 0.07030888030888045 0.31092783505154636
11 0.15675675675675674 0.42360824742268044 0.25648648648648653 0.22015463917525777