0 0.5867839195979899 0.8663241106719368 0.06708542713567836 0.2220158102766799
0 0.47402010050251253 0.8465217391304347 0.0731155778894473 0.21292490118577076
0 0.6048743718592965 0.5006324110671937 0.07110552763819099 0.2415810276679842
0 0.4737185929648241 0.5846245059288537 0.09221105527638188 0.2159288537549407
0 0.4679899497487437 0.3230434782608696 0.06507537688442205 0.26379446640316195
0 0.5134170854271357 0.16810276679841898 0.07613065326633169 0.18525691699604746
0 0.44371859296482413 0.1307905138339921 0.06251256281407035 0.19043478260869567
0 0.42236180904522613 0.2779841897233202 0.08708542713567846 0.16553359683794464
0 0.4327638190954774 0.4441897233201581 0.06628140703517586 0.16596837944664036
0 0.5382412060301508 0.33039525691699606 0.05587939698492465 0.10434782608695654
0 0.522964824120603 0.8326086956521739 0.05864321608040195 0.25691699604743085
0 0.5389447236180904 0.5324110671936758 0.04266331658291462 0.2560474308300394