5 0.31644808743169395 0.07716363636363636 0.2489617486338798 0.057963636363636356
5 0.4643169398907104 0.15396363636363639 0.21005464480874317 0.03883636363636366
5 0.27442622950819673 0.1757818181818182 0.15814207650273224 0.06425454545454547
5 0.27650273224043714 0.2823272727272727 0.20322404371584699 0.054654545454545456
5 0.2337704918032787 0.39207272727272724 0.261311475409836 0.06050909090909086
5 0.27650273224043714 0.4942909090909091 0.17590163934426228 0.07407272727272729
5 0.19316939890710383 0.5710909090909091 0.1731693989071038 0.054945454545454596
5 0.14978142076502732 0.717890909090909 0.21622950819672132 0.08483636363636358
5 0.33076502732240437 0.6653818181818182 0.1547540983606557 0.06625454545454534
5 0.37109289617486335 0.7283636363636364 0.13967213114754098 0.04876363636363645
5 0.49945355191256835 0.7821818181818182 0.23256830601092898 0.054690909090909165
5 0.7904371584699453 0.8224363636363636 0.3330054644808743 0.1424363636363637