5 0.17268041237113402 0.22953667953667956 0.12840206185567007 0.04644787644787645
5 0.6130412371134021 0.2898069498069498 0.19412371134020603 0.06409266409266406
5 0.25469072164948453 0.3354054054054054 0.1451030927835052 0.05227799227799225
5 0.40489690721649485 0.3638996138996139 0.13134020618556697 0.06880308880308877
5 0.3395876288659794 0.4807722007722007 0.14804123711340206 0.052586872586872606
5 0.44365979381443293 0.5436293436293437 0.15979381443298968 0.05328185328185332
5 0.5111855670103093 0.4423552123552123 0.12293814432989687 0.03826254826254825
5 0.6130412371134021 0.2918146718146718 0.19412371134020603 0.05710424710424707
5 0.6792783505154639 0.4271042471042471 0.15974226804123717 0.04818532818532815
5 0.43582474226804124 0.775984555984556 0.16371134020618552 0.09138996138996146
5 0.6471134020618557 0.738108108108108 0.1887113402061855 0.12594594594594596
5 0.29592783505154635 0.38007722007722006 0.07046391752577313 0.04235521235521235