13 0.5090298913043478 0.5103664495114006 0.08545380434782615 0.09564739413680776
13 0.40401358695652173 0.5026262214983713 0.07378804347826086 0.13717019543973935
13 0.4118940217391304 0.7266938110749186 0.07324184782608689 0.1903542345276872
13 0.583125 0.3523656351791531 0.1033152173913043 0.085985342019544
13 0.33947826086956523 0.28221905537459285 0.10504619565217396 0.08317182410423452
13 0.3295625 0.6047964169381108 0.04445380434782613 0.10535830618892517
13 0.7913423913043478 0.6739902280130293 0.11203532608695652 0.1297394136807817
13 0.8940516304347826 0.4478745928338762 0.10006250000000012 0.14575325732899033
13 0.9546195652173913 0.9049837133550488 0.0907608695652174 0.13977198697068394
13 0.6317092391304348 0.9312418566775245 0.09439945652173921 0.12307003257329
13 0.31557065217391306 0.4440228013029316 0.05722554347826091 0.06882328990228022
13 0.22481521739130436 0.5130171009771987 0.060502717391304375 0.0643037459283387
13 0.6188559782608696 0.41229641693811075 0.06382880434782617 0.04684446254071659
13 0.6356277173913044 0.2299714983713355 0.05008152173913048 0.08208876221498376
13 0.45705434782608695 0.2336400651465798 0.055372282608695644 0.08567996742671012
13 0.4920625 0.22933224755700327 0.02047826086956525 0.022789087947882748
13 0.3193994565217392 0.3863029315960912 0.05050000000000004 0.06822475570032571
13 0.13125271739130434 0.5878257328990228 0.07518478260869567 0.04211319218241036
13 0.15571467391304347 0.5207980456026058 0.03583423913043475 0.05250407166123771
13 0.12220380434782609 0.5006311074918567 0.016690217391304336 0.03906758957654716
13 0.23338315217391306 0.5882532573289903 0.032048913043478275 0.06936074918566772
13 0.19552173913043477 0.5926669381107491 0.04789130434782609 0.07423045602605861
13 0.49917119565217394 0.628350977198697 0.039975543478260905 0.09918973941368084
13 0.5325896739130435 0.5579030944625407 0.11798641304347827 0.07975570032573294
13 0.6515190217391305 0.0388029315960912 0.04847554347826096 0.046836319218241045
13 0.9617119565217391 0.45035830618892503 0.025133152173912984 0.04574511400651462
13 0.7379592391304348 0.6151669381107492 0.07178260869565213 0.049613192182410386