13 0.36624184782608693 0.42464983713355053 0.1123777173913044 0.30288680781758953
13 0.5031875 0.28993892508143326 0.14713315217391298 0.17190146579804563
13 0.5410951086956521 0.43302931596091204 0.0734918478260869 0.08755700325732897
13 0.8080516304347827 0.38131514657980453 0.19164402173913042 0.20400244299674275
13 0.7920326086956522 0.19958469055374592 0.15017119565217393 0.12148208469055376
13 0.715125 0.065871335504886 0.13623097826086955 0.131742671009772
13 0.6197527173913043 0.20324511400651465 0.14657065217391307 0.13695032573289903
13 0.45794565217391303 0.07858306188925081 0.12458967391304354 0.15716612377850162
13 0.1264945652173913 0.2271986970684039 0.2529891304347826 0.4543973941368078
13 0.05652173913043478 0.47257328990228015 0.11304347826086956 0.3138110749185667
13 0.4401603260869565 0.6302239413680781 0.09849456521739132 0.1000773615635179
13 0.7193451086956522 0.6862622149837133 0.08087228260869557 0.26916938110749183
13 0.4920570652173913 0.5928175895765473 0.08708423913043485 0.06925488599348541
13 0.4252065217391304 0.5368241042345278 0.05095923913043484 0.09156351791530949
13 0.17655434782608698 0.7789902280130293 0.16506521739130436 0.36897394136807826
13 0.6036032608695653 0.4741612377850163 0.0840978260869564 0.09483713355048863