13 0.46922010869565217 0.6999959283387622 0.21506793478260863 0.4260504885993486
13 0.5035951086956522 0.3625895765472313 0.13979619565217385 0.21541123778501636
13 0.3667853260869565 0.4022882736156352 0.12433152173913042 0.13601384364820854
13 0.43783695652173915 0.1826913680781759 0.17132880434782616 0.13248371335504885
13 0.7871222826086957 0.2655211726384365 0.35087500000000005 0.15563517915309447
13 0.7990489130434782 0.47616856677524433 0.4019021739130435 0.12497557003257331
13 0.8330163043478261 0.701457654723127 0.3339673913043478 0.1887418566775245
13 0.2987201086956522 0.6080903908794788 0.1213559782608696 0.13235342019543972
13 0.6084864130434783 0.5189413680781759 0.07433152173913042 0.09078175895765474
13 0.45876358695652175 0.48740228013029313 0.10991576086956516 0.12536237785016283
13 0.40986141304347823 0.6774837133550489 0.08571195652173914 0.095358306188925