13 0.5177146739130435 0.4180456026058632 0.02945108695652177 0.06368485342019538
13 0.5933396739130434 0.4205171009771987 0.09475271739130424 0.11967019543973935
13 0.4264076086956522 0.4066775244299674 0.0483777173913044 0.09487785016286644
13 0.5430624999999999 0.2741978827361563 0.04120380434782612 0.11323697068403905
13 0.5033532608695652 0.5175285016286645 0.06605706521739134 0.10096905537459284
13 0.42657065217391305 0.5948778501628664 0.049576086956521756 0.1302768729641694
13 0.4997663043478261 0.5276832247557003 0.09983423913043475 0.06355863192182407
13 0.5635326086956522 0.5240838762214984 0.053635869565217424 0.06355456026058638
13 0.6505869565217391 0.4603420195439739 0.030834239130434853 0.09991042345276878
13 0.3592173913043478 0.6212337133550488 0.04089945652173919 0.2387662866449511
13 0.29321467391304346 0.9311848534201953 0.041760869565217344 0.10843648208469044
13 0.36909239130434784 0.17379478827361564 0.05139673913043475 0.051376221498371316
13 0.5319347826086956 0.3589128664495114 0.023092391304347832 0.042850162866449513
13 0.5542282608695652 0.2939698697068404 0.05163586956521751 0.057247557003257295