13 0.42996195652173913 0.24477198697068403 0.07405434782608696 0.08970684039087945
13 0.46610054347826085 0.1497312703583062 0.04307336956521745 0.0584242671009772
13 0.5334918478260869 0.19613192182410422 0.07214673913043479 0.06979234527687295
13 0.4148858695652174 0.6054275244299675 0.03490217391304349 0.03588355048859939
13 0.42507065217391304 0.6872271986970684 0.05340489130434788 0.07070846905537453
13 0.492054347826087 0.6815594462540717 0.07621467391304343 0.11978013029315954
13 0.3794239130434783 0.634108306188925 0.038195652173913026 0.06626628664495114
13 0.06544565217391304 0.09620114006514659 0.0705625 0.09386807817589578
13 0.1465516304347826 0.08622964169381107 0.05614945652173916 0.09428338762214984
13 0.5128315217391305 0.25436074918566776 0.03738315217391309 0.04991449511400648
13 0.48864945652173913 0.5669706840390879 0.09117934782608694 0.09243892508143331
13 0.07427445652173913 0.2099674267100977 0.08550543478260869 0.09746335504885999