13 0.5967961956521739 0.29740228013029313 0.08435597826086964 0.14853420195439737
13 0.5874320652173913 0.7114006514657981 0.17078532608695646 0.15162866449511406
13 0.40999184782608694 0.8993526058631922 0.3710217391304347 0.19290309446254053
13 0.6374184782608695 0.45298045602605863 0.08136141304347821 0.14374185667752432
13 0.09126902173913043 0.3796742671009772 0.1522445652173913 0.1762825732899022
13 0.06467391304347826 0.23325732899022802 0.12934782608695652 0.1888273615635179
13 0.29817934782608696 0.6185545602605863 0.06592391304347824 0.24280944625407172
13 0.38825 0.31248778501628666 0.18356249999999993 0.29435667752443
13 0.5023695652173913 0.496099348534202 0.17267663043478268 0.20975162866449515
13 0.3343179347826087 0.7189087947882736 0.14983967391304343 0.23237785016286636
13 0.05720108695652174 0.8378949511400651 0.11440217391304348 0.1684568403908793