13 0.4599836956521739 0.427328990228013 0.1313804347826087 0.092442996742671
13 0.37452989130434783 0.34490635179153095 0.1262336956521739 0.061966612377850186
13 0.47995652173913045 0.22705618892508142 0.09795652173913044 0.14792345276872962
13 0.6882255434782609 0.28099755700325735 0.17481793478260868 0.10515065146579805
13 0.9668478260869565 0.10912052117263844 0.06630434782608696 0.2182410423452769
13 0.7471902173913043 0.0745114006514658 0.06992663043478259 0.1490228013029316
13 0.5703016304347827 0.9012622149837134 0.11288586956521741 0.1974755700325733
13 0.6770869565217391 0.9088517915309445 0.0710244565217391 0.13529315960912042
13 0.6296739130434782 0.49407573289902285 0.0332635869565217 0.14450325732899028
13 0.5281875 0.5246091205211727 0.055834239130434726 0.09971091205211721
13 0.4041494565217391 0.5429234527687297 0.07134239130434782 0.12819218241042352
13 0.9362771739130434 0.4316815960912052 0.12744565217391304 0.4078135179153095