13 0.3518423913043478 0.21158794788273613 0.121616847826087 0.1495602605863192
13 0.4852635869565217 0.1564983713355049 0.12783967391304343 0.2578501628664495
13 0.6484320652173913 0.21123778501628662 0.19552445652173905 0.2175895765472313
13 0.5105326086956522 0.42412459283387627 0.0827391304347826 0.23969869706840383
13 0.5936766304347826 0.4212581433224755 0.07949184782608688 0.12328583061889249
13 0.5214021739130434 0.7345114006514658 0.13708423913043472 0.37217833876221484
13 0.10295108695652175 0.9483428338762215 0.09122554347826088 0.07584283387622168
13 0.034070652173913044 0.9410219869706841 0.048578804347826084 0.044910423452768806
13 0.12115489130434783 0.8856555374592834 0.08959239130434783 0.11332654723127032
13 0.2093288043478261 0.8758794788273615 0.05670108695652176 0.14264250814332244
13 0.3322798913043478 0.8608306188925081 0.04988858695652178 0.07182410423452754