6 0.3684211956521739 0.3212255700325733 0.07619836956521735 0.16932817589576551
6 0.2362309782608696 0.5297638436482084 0.13133967391304346 0.22809446254071652
6 0.5088152173913043 0.5268851791530944 0.11021195652173911 0.04563517915309443
16 0.18010597826086955 0.6238762214983713 0.10423097826086955 0.14149837133550489
6 0.6288505434782609 0.5625651465798046 0.061567934782608615 0.04891693811074913
6 0.3339592391304348 0.5739210097719869 0.0321005434782609 0.06263029315960919
6 0.4023505434782609 0.527557003257329 0.08166847826086955 0.04871742671009776
6 0.6985027173913043 0.5746539087947883 0.06108967391304359 0.05339983713355052
16 0.5171630434782609 0.5390920195439739 0.06264673913043477 0.051730456026058705
16 0.33545380434782607 0.36017508143322474 0.11783423913043481 0.22592019543973937
16 0.24190760869565217 0.5013029315960912 0.12755163043478257 0.2096539087947882