13 0.5614701086956522 0.4955008143322476 0.1522880434782609 0.15142100977198691
13 0.46093478260869564 0.6145643322475569 0.136 0.10861156351791532
13 0.41229891304347827 0.28751628664495116 0.09851086956521739 0.06932817589576547
13 0.4496657608695652 0.38095684039087946 0.06316576086956517 0.09802117263843649
13 0.20008423913043477 0.4204030944625407 0.20125543478260866 0.1355944625407166
13 0.1583940217391304 0.1436644951140065 0.25440489130434785 0.1735871335504886
13 0.09017934782608696 0.6992752442996742 0.07112228260869566 0.1780008143322476
13 0.23799184782608696 0.8874796416938111 0.1276141304347826 0.14548452768729658
13 0.34966847826086955 0.5233957654723127 0.07379619565217396 0.07284609120521167
13 0.3878451086956522 0.20427117263843647 0.07134510869565222 0.08606677524429968
13 0.4689619565217391 0.10905130293159608 0.11697010869565212 0.08808631921824106