22 0.5204619565217391 0.44971905537459284 0.4041875000000001 0.30670195439739406
22 0.31720652173913044 0.2261197068403909 0.16504619565217388 0.12162052117263845
22 0.049959239130434784 0.8127035830618893 0.09991847826086957 0.3745928338762215
22 0.192758152173913 0.7426384364820847 0.2074157608695652 0.5147190553745927
22 0.6537201086956522 0.24771986970684037 0.2117853260869565 0.23811482084690552
22 0.7770951086956522 0.5959486970684039 0.2697201086956521 0.2423859934853421
22 0.5329483695652174 0.04161644951140065 0.17485054347826082 0.08322882736156352
22 0.8440217391304348 0.13192182410423453 0.22119565217391304 0.26384364820846906
22 0.07917391304347826 0.2837011400651466 0.06501902173913043 0.215171009771987
22 0.11354347826086957 0.03481270358306189 0.05534782608695651 0.06962540716612378
22 0.5395923913043479 0.8409405537459284 0.2770135869565217 0.3129885993485341
22 0.8879429347826088 0.8686644951140066 0.19110326086956528 0.26266693811074904