13 0.5022391304347826 0.5150407166123778 0.08817119565217386 0.1416408794788273
13 0.41936684782608696 0.3915065146579804 0.03655978260869564 0.10223534201954404
13 0.48322554347826085 0.392328990228013 0.06942119565217386 0.07129885993485348
13 0.6749211956521739 0.5258631921824104 0.0637472826086957 0.10136807817589578
13 0.557266304347826 0.6760708469055375 0.06535869565217403 0.1674022801302931
13 0.43553804347826086 0.5979397394136807 0.04794836956521734 0.3073737785016286
13 0.36815217391304345 0.5965187296416938 0.0522826086956522 0.33057410423452765
13 0.5868858695652174 0.11557003257328989 0.09851086956521751 0.14019136807817592
13 0.3656983695652174 0.21585097719869706 0.11129076086956527 0.21916530944625406
13 0.7757282608695651 0.11522801302931596 0.09582608695652182 0.2304560260586319
13 0.6716576086956522 0.08469055374592833 0.048529891304347865 0.16938110749185667
13 0.2689673913043478 0.49414087947882734 0.1352173913043478 0.27881921824104244
13 0.824766304347826 0.546991042345277 0.06474999999999993 0.13633143322475566
13 0.9770380434782608 0.37623778501628663 0.04592391304347826 0.14905537459283386
13 0.27522010869565217 0.3255578175895766 0.07706793478260873 0.1657736156351792