13 0.3656983695652174 0.41593241042345275 0.15476358695652168 0.1022190553745929
13 0.42819293478260867 0.5745154723127036 0.17105706521739125 0.17914495114006515
13 0.4424592391304348 0.27508957654723126 0.10991847826086956 0.12998371335504885
13 0.6836032608695651 0.26693811074918566 0.22535869565217384 0.21139657980456028
13 0.5611983695652174 0.8900651465798045 0.11370380434782616 0.21986970684039087
13 0.6598342391304348 0.8734405537459283 0.0555380434782609 0.13775651465798042
13 0.9226902173913043 0.40631921824104233 0.1546195652173913 0.404657980456026
13 0.9335597826086957 0.07960097719869706 0.1328804347826087 0.15920195439739412
13 0.6913505434782609 0.063314332247557 0.12944021739130437 0.126628664495114
13 0.46991032608695654 0.12693403908794787 0.09061141304347821 0.09425488599348535
13 0.6110679347826087 0.5403135179153095 0.07732065217391304 0.10096905537459284
13 0.4688260869565217 0.3131555374592834 0.11452445652173908 0.09617671009771989
13 0.662695652173913 0.3318729641693811 0.15884510869565222 0.11733306188925084