13 0.40292391304347824 0.3937459283387622 0.13682608695652174 0.1107817589576547
13 0.4114836956521739 0.5026587947882736 0.08057880434782615 0.0907695439739413
13 0.16177989130434783 0.7120399022801303 0.05726630434782609 0.08050895765472313
13 0.7776222826086957 0.4391245928338762 0.09545923913043478 0.2666815960912051
13 0.44789402173913045 0.6117589576547231 0.06372282608695652 0.07208061889250822
13 0.5877391304347827 0.5047842019543974 0.07958695652173917 0.09251628664495105
13 0.7450163043478261 0.264735342019544 0.08459782608695644 0.08484527687296421
13 0.7224184782608696 0.09731270358306189 0.12092391304347826 0.19462540716612378
13 0.2635353260869565 0.7525651465798046 0.04554891304347823 0.12809853420195444
13 0.04714945652173913 0.6039454397394136 0.0366875 0.050973127035830644
13 0.0971983695652174 0.556478013029316 0.09446195652173914 0.04668973941368081
13 0.12190760869565218 0.506551302931596 0.06784782608695654 0.04244299674267092
13 0.19346195652173914 0.652899022801303 0.037836956521739136 0.059482899022801364
13 0.22534239130434783 0.6330130293159609 0.026032608695652163 0.07973127035830625
13 0.21135597826086955 0.6878949511400652 0.0356086956521739 0.03328175895765464
13 0.18843206521739128 0.9674959283387622 0.034010869565217414 0.0244951140065146
13 0.19865489130434782 0.9853094462540717 0.041404891304347796 0.029381107491856618
13 0.639171195652174 0.5823737785016286 0.0576195652173913 0.2404967426710097
13 0.7098804347826088 0.6069096091205212 0.05116576086956521 0.3234446254071662
13 0.523554347826087 0.3111644951140065 0.042024456521739154 0.06050081433224752
13 0.26294021739130435 0.06613599348534202 0.051429347826086956 0.04107491856677524
13 0.21729347826086956 0.0649714983713355 0.04597554347826088 0.027048045602605864
13 0.32575 0.1753013029315961 0.03364402173913042 0.06506921824104236
13 0.17066847826086956 0.5355944625407166 0.019964673913043487 0.041661237785016354
13 0.07868206521739131 0.407764657980456 0.06723641304347824 0.06954804560260584
13 0.4774130434782609 0.4704723127035831 0.04831249999999999 0.10027280130293159
13 0.5241277173913044 0.5071457654723127 0.05487228260869561 0.0941571661237785
13 0.5550570652173912 0.5974470684039087 0.060157608695652204 0.11817589576547223
13 0.7570679347826088 0.5053664495114006 0.05865217391304352 0.07767100977198688
13 0.6166195652173913 0.33615635179153097 0.03521195652173911 0.06956433224755697
13 0.6653885869565218 0.2036400651465798 0.05646739130434788 0.07269951140065145