17 0.5282109788359788 0.20220238095238094 0.08432539682539683 0.07611607142857145
17 0.4118121693121693 0.4035763888888889 0.2650859788359788 0.14429315476190474
17 0.5860582010582011 0.4807589285714286 0.0652645502645503 0.06516121031746021
17 0.6699239417989418 0.08705605158730159 0.061068121693121716 0.058407738095238096
17 0.6792195767195768 0.4737921626984127 0.04248015873015874 0.051230158730158716
17 0.40531415343915345 0.5445188492063492 0.06622354497354505 0.060250496031746106
17 0.4708366402116402 0.6290252976190476 0.06339616402116403 0.059694940476190374
17 0.4764847883597884 0.772249503968254 0.07791335978835984 0.046068948412698416
17 0.5508531746031746 0.8080530753968255 0.04273478835978837 0.06927579365079357
17 0.48406415343915343 0.905969742063492 0.09630291005291014 0.06425595238095236
17 0.5655324074074074 0.9288343253968254 0.036603835978836 0.04948660714285708