17 0.3047685185185185 0.13353174603174603 0.09835317460317462 0.14719990079365078
17 0.5891203703703703 0.047371031746031744 0.14583333333333334 0.09474206349206349
17 0.6705555555555556 0.27099702380952384 0.08752645502645497 0.12035714285714291
17 0.37588624338624343 0.39465525793650796 0.11024140211640208 0.08714533730158727
17 0.6011375661375661 0.555701884920635 0.06770502645502653 0.07770833333333325
17 0.5179662698412698 0.6666592261904761 0.06061507936507943 0.06948908730158737
17 0.38692460317460314 0.4758606150793651 0.05935515873015866 0.05507936507936506
17 0.5042824074074074 0.8454141865079365 0.0845601851851852 0.07745287698412698
17 0.29970238095238094 0.7303199404761905 0.09015211640211637 0.07174603174603168
17 0.35517526455026455 0.9496106150793651 0.0920667989417989 0.07419146825396833
17 0.6642625661375662 0.492140376984127 0.05293981481481486 0.07389632936507932