22 0.26657070707070707 0.2836903409090909 0.2456464646464647 0.24578977272727273
22 0.08282828282828283 0.3890625 0.16565656565656567 0.29801136363636366
22 0.36656565656565654 0.5518210227272728 0.3082878787878787 0.07750852272727271
22 0.6556818181818181 0.57665625 0.34116161616161617 0.20955965909090898
22 0.3029343434343434 0.69865625 0.2941363636363636 0.09276420454545448
22 0.6332171717171717 0.7792982954545454 0.5022525252525253 0.20859659090909097
22 0.7700707070707071 0.9248579545454545 0.42046464646464643 0.15028409090909092
22 0.18855050505050505 0.9020625000000001 0.33603030303030307 0.0563977272727274
22 0.8878787878787879 0.3035795454545454 0.22424242424242424 0.09806534090909093
22 0.8546313131313131 0.4218636363636364 0.19815656565656561 0.14997443181818176
22 0.6127575757575757 0.39673295454545454 0.2957020202020203 0.11392045454545455
22 0.4854747474747475 0.21353693181818184 0.13660606060606062 0.17366193181818182
22 0.5590909090909091 0.032528409090909094 0.14242424242424243 0.06505681818181819
22 0.2609949494949495 0.06219602272727273 0.19775252525252524 0.12439204545454546
22 0.13677777777777778 0.15847727272727274 0.09109595959595959 0.10900284090909093
22 0.6099747474747474 0.3304517045454546 0.2659040404040403 0.09215056818181815
22 0.9648989898989899 0.7143551136363637 0.0702020202020202 0.1440482954545455