17 0.37720238095238096 0.14637152777777776 0.08899140211640216 0.1665848214285714
17 0.4763921957671957 0.2655208333333333 0.06784722222222225 0.046835317460317494
17 0.4788723544973545 0.35119295634920633 0.08156415343915346 0.07151785714285717
17 0.5214847883597884 0.5188268849206349 0.061709656084656124 0.0653000992063492
17 0.5738690476190477 0.36782490079365077 0.0409821428571428 0.07851190476190475
17 0.3882572751322751 0.6522147817460318 0.07836970899470908 0.045314980158730166
17 0.338207671957672 0.4529563492063492 0.05707341269841275 0.06927579365079369
17 0.30873015873015874 0.6666567460317461 0.03898148148148144 0.04793154761904767
17 0.5359292328042329 0.5978323412698413 0.03515211640211646 0.043812003968253875
17 0.48193783068783075 0.853110119047619 0.06142526455026455 0.04433035714285709
17 0.5597156084656084 0.7686359126984127 0.05061507936507935 0.0592559523809524
17 0.3754166666666667 0.8383358134920635 0.08770833333333333 0.047619047619047616