22 0.5306717171717171 0.15503977272727273 0.23204545454545444 0.1987130681818182
22 0.23144949494949493 0.08120170454545454 0.3457222222222222 0.14195170454545453
22 0.33499999999999996 0.3145056818181818 0.3259545454545454 0.2364005681818182
22 0.49257070707070705 0.7094147727272727 0.4754646464646465 0.3415539772727271
22 0.31304040404040406 0.49130113636363637 0.5163383838383839 0.25760511363636374
22 0.7720606060606061 0.4370596590909091 0.31078787878787884 0.23434659090909093
22 0.8992424242424243 0.6037897727272727 0.2015151515151515 0.11894602272727262
22 0.0446060606060606 0.73728125 0.08920707070707071 0.07911079545454552
22 0.0898989898989899 0.34193181818181817 0.1797979797979798 0.10659090909090904
22 0.7316818181818182 0.19863352272727275 0.25481313131313116 0.20919886363636367
22 0.559959595959596 0.024980113636363637 0.29062121212121206 0.049960227272727274
22 0.9472222222222222 0.0817784090909091 0.10555555555555556 0.08628409090909092