22 0.5460656565656565 0.5145738636363636 0.41940404040404045 0.3836931818181818
22 0.7654949494949496 0.2868210227272727 0.36835858585858583 0.20091477272727273
22 0.11428787878787879 0.3294261363636363 0.22857575757575757 0.17248863636363632
22 0.3215959595959596 0.05223863636363636 0.23814141414141413 0.10447727272727272
22 0.17413636363636364 0.07468181818181818 0.12504545454545457 0.05504545454545454
22 0.19584848484848483 0.6318806818181818 0.23917171717171715 0.31717045454545445
22 0.4546868686868687 0.8522897727272727 0.3391060606060605 0.21253409090909087
22 0.8255909090909092 0.9454545454545454 0.2966363636363637 0.10909090909090909
22 0.9825757575757575 0.8405454545454545 0.03484848484848485 0.15472443181818185
22 0.8743282828282829 0.8272045454545455 0.1870454545454545 0.09963352272727274
22 0.5938181818181818 0.8805937500000001 0.25782323232323245 0.13823011363636356