17 0.6329133333333333 0.05139 0.11116000000000001 0.0967825
17 0.49432000000000004 0.1566675 0.07396999999999995 0.08233499999999998
17 0.6632433333333333 0.4022375 0.07181666666666661 0.10347500000000003
17 0.55129 0.0976525 0.08791333333333326 0.0843025
17 0.32972666666666667 0.2732 0.07811999999999997 0.08539999999999998
17 0.4390133333333333 0.38374 0.056696666666666715 0.15648
17 0.5722866666666666 0.5140125000000001 0.05657333333333327 0.07202749999999992
17 0.46998333333333336 0.628045 0.13862999999999995 0.08009249999999997
17 0.5622866666666666 0.6985650000000001 0.07657333333333327 0.07112750000000005
17 0.45700666666666667 0.7263225 0.052683333333333394 0.07164249999999993
17 0.47565666666666667 0.9046325000000001 0.08998000000000002 0.1632650000000001
17 0.6062466666666667 0.8223524999999999 0.16449333333333335 0.10370499999999992