17 0.6008300264550265 0.0534375 0.06405092592592594 0.106875
17 0.5542294973544973 0.20177827380952382 0.07032076719576723 0.116656746031746
17 0.2260515873015873 0.14476190476190476 0.04692129629629633 0.08593501984126985
17 0.2329596560846561 0.026049107142857145 0.05207010582010583 0.04583829365079365
17 0.5899867724867724 0.43910962301587303 0.08765211640211638 0.09961061507936511
17 0.5062896825396825 0.5180679563492063 0.06349206349206349 0.08481894841269835
17 0.3093518518518519 0.39446924603174605 0.06183531746031739 0.08922867063492063
17 0.29959656084656083 0.5895039682539683 0.03799603174603178 0.059050099206349245
17 0.6338723544973545 0.5916393849206348 0.05622023809523817 0.06941716269841278
17 0.7281448412698412 0.41610863095238093 0.04103174603174601 0.09185019841269845
17 0.5916170634920634 0.7239806547619048 0.039126984126984184 0.07605158730158738
17 0.42840608465608465 0.7082266865079365 0.037744708994708956 0.07502480158730158
17 0.4475 0.8904315476190475 0.05191798941798942 0.047286706349206314
17 0.4194940476190476 0.9239632936507937 0.02995370370370368 0.03513144841269832
17 0.33924272486772483 0.8318229166666666 0.029781746031746013 0.047596726190476155
17 0.3191170634920635 0.8627951388888889 0.030257936507936508 0.04173115079365085
17 0.41185515873015877 0.9815029761904762 0.05022156084656081 0.036994047619047586
17 0.3570568783068783 0.9832936507936507 0.02596891534391541 0.03341269841269848
17 0.32882275132275135 0.9670907738095238 0.020396825396825417 0.045156249999999926
17 0.5162037037037037 0.9775545634920635 0.028439153439153438 0.044890873015873016
17 0.5504133597883598 0.9043353174603175 0.03142526455026461 0.056860119047619104
17 0.5573346560846562 0.8358134920634921 0.02950066137566139 0.037229662698412616
17 0.6717063492063493 0.8787921626984126 0.0242493386243386 0.03918154761904751
17 0.6815707671957673 0.731140873015873 0.019659391534391474 0.04850942460317464
17 0.7095568783068782 0.573484623015873 0.03210317460317458 0.05226934523809524