22 0.6059141414141415 0.43124147727272727 0.3118232323232322 0.20282386363636365
22 0.47511111111111115 0.6257670454545454 0.363358585858586 0.3702840909090908
22 0.09207070707070708 0.49245170454545456 0.18414141414141416 0.16899147727272726
22 0.16403535353535353 0.7446363636363637 0.20584848484848486 0.2983636363636363
22 0.3923181818181818 0.9018551136363637 0.2870808080808081 0.1724602272727274
22 0.3635151515151515 0.74721875 0.19066161616161617 0.10466761363636372
22 0.643540404040404 0.975284090909091 0.13961111111111102 0.04943181818181818
22 0.8601919191919192 0.86521875 0.0779646464646464 0.17304829545454548
22 0.7523686868686869 0.8565625 0.16029797979797974 0.11312784090909092
22 0.7455555555555555 0.7342982954545455 0.16181313131313124 0.08734943181818189
22 0.5256363636363637 0.894903409090909 0.18206060606060606 0.12730681818181816