17 0.5971924603174603 0.0535094246031746 0.058230820105820154 0.07452380952380953
17 0.48314484126984125 0.03674355158730158 0.05083002645502647 0.07173363095238096
17 0.5619742063492064 0.2857762896825397 0.04438161375661377 0.056066468253968244
17 0.6322222222222222 0.49729166666666663 0.02875992063492057 0.05171874999999994
17 0.5364153439153438 0.3905605158730159 0.04186177248677254 0.046093749999999975
17 0.3458664021164021 0.4393154761904762 0.030707671957672 0.06105654761904758
17 0.3603042328042328 0.6247693452380952 0.029388227513227477 0.044687500000000074
17 0.48391865079365076 0.6961433531746032 0.04439484126984127 0.06010168650793649
17 0.5759259259259258 0.8237698412698413 0.04301256613756619 0.05922371031746031
17 0.3862599206349206 0.8411185515873015 0.047496693121693155 0.051473214285714275
17 0.5000165343915344 0.9223983134920635 0.07463624338624332 0.07937996031746042
17 0.6217824074074074 0.9852628968253968 0.052761243386243446 0.029474206349206385